[gd_scene load_steps=6 format=2]

[ext_resource path="res://Scenes/Move.gd" type="Script" id=1]
[ext_resource path="res://Scenes/Move.cs" type="Script" id=2]

[sub_resource type="PlaneMesh" id=2]

[sub_resource type="SpatialMaterial" id=3]
albedo_color = Color( 0.2, 0.2, 0.2, 1 )

[sub_resource type="CubeMesh" id=1]

[node name="Spatial" type="Spatial"]

[node name="DirectionalLight" type="DirectionalLight" parent="."]
transform = Transform( 1, 0, 0, 0, 0.677672, 0.735364, 0, -0.735364, 0.677672, 0, 19.4305, 0 )
light_energy = 3.202
shadow_enabled = true

[node name="Ground" type="MeshInstance" parent="."]
transform = Transform( 104.931, 0, 0, 0, 104.931, 0, 0, 0, 104.931, 0, 0, 5.97 )
mesh = SubResource( 2 )
skeleton = NodePath("../CubeCSScript/Camera")
material/0 = SubResource( 3 )

[node name="CubeGdScript" type="MeshInstance" parent="."]
transform = Transform( 1, 0, 0, 0, 1, 0, 0, 0, 1, 0, 1.05829, 0 )
visible = false
mesh = SubResource( 1 )
material/0 = null
script = ExtResource( 1 )

[node name="Camera" type="Camera" parent="CubeGdScript"]
transform = Transform( -0.186233, -0.474572, 0.86029, 0, 0.875608, 0.483022, -0.982506, 0.0899547, -0.163067, 5.02679, 3.15517, -0.862317 )
visible = false

[node name="CubeCSScript" type="MeshInstance" parent="."]
transform = Transform( 1, 0, 0, 0, 1, 0, 0, 0, 1, 0, 0.993342, 0 )
mesh = SubResource( 1 )
material/0 = null
script = ExtResource( 2 )

[node name="Camera" type="Camera" parent="CubeCSScript"]
transform = Transform( -0.186233, -0.474572, 0.86029, 0, 0.875608, 0.483022, -0.982506, 0.0899547, -0.163067, 6.19774, 3.15517, -0.862317 )
